%yyyy doy SNR
2007   1 45.07 
2007   2 45.03 
2007   3 45.02 
2007   4 44.92 
2007   5 45.08 
2007   6 45.17 
2007   7 45.11 
2007   8 44.92 
2007   9 45.02 
2007  10 44.94 
2007  11 45.15 
2007  12 45.40 
2007  13 45.36 
2007  14 45.38 
2007  15 45.29 
2007  16 45.11 
2007  17 45.19 
2007  18 45.12 
2007  19 45.19 
2007  20 45.28 
2007  21 45.24 
2007  22 45.08 
2007  23 45.05 
2007  24 44.95 
2007  25 44.81 
2007  26 44.91 
2007  27 45.15 
2007  28 45.21 
2007  29 45.09 
2007  30 45.20 
2007  31 45.30 
2007  32 45.43 
2007  33 45.32 
2007  34 45.14 
2007  35 45.08 
2007  36 44.91 
2007  37 44.81 
2007  38 45.00 
2007  39 45.10 
2007  40 45.05 
2007  41 45.06 
2007  42 44.98 
2007  43 44.96 
2007  44 45.22 
2007  45 45.16 
2007  46 45.09 
2007  47 44.97 
2007  48 45.02 
2007  49 44.90 
2007  50 44.86 
2007  51 44.98 
2007  52 44.73 
2007  53 44.86 
2007  54 44.86 
2007  55 44.87 
2007  56 45.05 
2007  57 44.95 
2007  58 44.92 
2007  59 45.00 
2007  60 45.05 
2007  61 45.10 
2007  62 45.00 
2007  63 44.94 
2007  64 44.90 
2007  65 44.78 
2007  66 44.72 
2007  67 44.78 
2007  68 44.78 
2007  69 44.85 
2007  70 44.77 
2007  71 44.62 
2007  72 44.57 
2007  73 44.66 
2007  74 44.90 
2007  75 44.85 
2007  76 44.62 
2007  77 44.71 
2007  78 44.66 
2007  79 44.75 
2007  80 44.70 
2007  81 44.73 
2007  82 44.72 
2007  83 44.84 
2007  84 44.75 
2007  85 44.63 
2007  86 44.76 
2007  87 44.73 
2007  88 44.89 
2007  89 44.99 
2007  90 44.97 
2007  91 44.72 
2007  92 44.72 
2007  93 44.77 
2007  94 44.88 
2007  95 44.85 
2007  96 44.81 
2007  97 44.92 
2007  98 44.77 
2007  99 44.72 
2007 100 44.76 
2007 101 44.89 
2007 102 44.87 
2007 103 44.94 
2007 104 44.75 
2007 105 44.58 
2007 106 44.66 
2007 107 44.76 
2007 108 44.64 
2007 109 44.65 
2007 110 44.66 
2007 111 44.62 
2007 112 44.66 
2007 113 44.74 
2007 114 44.73 
2007 115 44.73 
2007 116 44.66 
2007 117 44.64 
2007 118 44.49 
2007 119 44.41 
2007 120 44.38 
2007 121 44.58 
2007 122 44.64 
2007 123 44.56 
2007 124 44.69 
2007 125 44.76 
2007 126 44.71 
2007 127 44.76 
2007 128 44.61 
2007 129 44.50 
2007 130 44.42 
2007 131 44.44 
2007 132 44.40 
2007 133 44.39 
2007 134 44.41 
2007 135 44.70 
2007 136 44.56 
2007 137 44.54 
2007 138 44.49 
2007 139 44.43 
2007 140 44.44 
2007 141 44.53 
2007 142 44.71 
2007 143 44.81 
2007 144 44.70 
2007 145 44.51 
2007 146 44.50 
2007 147 44.38 
2007 148 44.33 
2007 149 44.60 
2007 150 44.60 
2007 151 44.53 
2007 152 44.57 
2007 153 44.46 
2007 154 44.47 
2007 155 44.39 
2007 156 44.41 
2007 157 44.39 
2007 158 44.57 
2007 159 44.55 
2007 160 44.36 
2007 161 44.29 
2007 162 44.20 
2007 163 44.41 
2007 164 44.55 
2007 165 44.40 
2007 166 44.30 
2007 167 44.24 
2007 168 44.30 
2007 169 44.28 
2007 170 44.28 
2007 172 44.19 
2007 173 44.26 
2007 174 44.34 
2007 175 44.19 
2007 176 44.16 
2007 177 44.32 
2007 178 44.45 
2007 179 44.35 
2007 180 44.34 
2007 181 44.28 
2007 182 44.20 
2007 184 44.19 
2007 185 44.31 
2007 186 44.26 
2007 187 44.21 
2007 188 44.19 
2007 189 44.26 
2007 190 44.32 
2007 191 44.28 
2007 192 44.49 
2007 193 44.35 
2007 194 44.29 
2007 195 44.25 
2007 196 44.30 
2007 197 44.24 
2007 198 44.28 
2007 199 44.30 
2007 200 44.38 
2007 201 44.27 
2007 202 44.27 
2007 203 44.28 
2007 204 44.29 
2007 205 44.25 
2007 206 44.30 
2007 207 44.42 
2007 208 44.38 
2007 209 44.34 
2007 210 44.37 
2007 211 44.32 
2007 212 44.26 
2007 213 44.16 
2007 214 44.41 
2007 215 44.35 
2007 216 44.32 
2007 217 44.27 
2007 218 44.45 
2007 219 44.48 
2007 220 44.30 
2007 221 44.27 
2007 222 44.34 
2007 223 44.33 
2007 224 44.35 
2007 225 44.25 
2007 226 44.27 
2007 227 44.43 
2007 228 44.42 
2007 229 44.41 
2007 230 44.42 
2007 231 44.37 
2007 232 44.33 
2007 233 44.33 
2007 234 44.43 
2007 235 44.48 
2007 236 44.53 
2007 237 44.51 
2007 238 44.33 
2007 239 44.45 
2007 240 44.49 
2007 241 44.51 
2007 242 44.50 
2007 243 44.42 
2007 244 44.51 
2007 245 44.36 
2007 246 44.47 
2007 247 44.47 
2007 248 44.51 
2007 249 44.60 
2007 250 44.62 
2007 251 44.55 
2007 252 44.83 
2007 253 44.98 
2007 254 44.70 
2007 255 44.55 
2007 256 44.64 
2007 257 44.85 
2007 258 44.75 
2007 259 44.58 
2007 260 44.59 
2007 261 44.70 
2007 262 44.70 
2007 263 44.68 
2007 264 44.45 
2007 265 44.64 
2007 266 44.68 
2007 267 44.88 
2007 268 44.75 
2007 269 44.84 
2007 270 44.73 
2007 271 44.84 
2007 272 44.76 
2007 273 44.79 
2007 274 44.84 
2007 275 44.74 
2007 276 44.75 
2007 277 44.71 
2007 278 44.77 
2007 279 44.64 
2007 280 44.95 
2007 281 44.96 
2007 282 44.86 
2007 283 44.82 
2007 284 44.81 
2007 285 44.88 
2007 286 44.99 
2007 287 44.96 
2007 288 44.92 
2007 289 44.88 
2007 290 44.91 
2007 291 44.99 
2007 292 44.91 
2007 293 44.70 
2007 294 45.02 
2007 295 45.10 
2007 296 44.91 
2007 297 44.87 
2007 298 44.75 
2007 299 44.84 
2007 300 45.05 
2007 301 44.92 
2007 302 44.82 
2007 303 44.78 
2007 304 44.94 
2007 305 44.97 
2007 306 44.98 
2007 307 44.95 
2007 308 44.78 
2007 309 44.79 
2007 310 44.97 
2007 311 44.80 
2007 312 45.03 
2007 313 45.06 
2007 314 44.86 
2007 315 44.84 
2007 316 45.07 
2007 317 44.90 
2007 318 44.99 
2007 319 45.10 
2007 320 44.79 
2007 321 44.97 
2007 322 44.86 
2007 323 44.70 
2007 324 44.98 
2007 325 45.13 
2007 326 45.20 
2007 327 45.25 
2007 328 45.21 
2007 329 45.07 
2007 330 45.10 
2007 331 45.06 
2007 332 45.05 
2007 333 45.16 
2007 334 45.18 
2007 335 45.23 
2007 336 45.15 
2007 337 45.02 
2007 338 44.78 
2007 339 44.91 
2007 340 44.97 
2007 341 45.08 
2007 342 45.17 
2007 343 45.17 
2007 344 45.01 
2007 345 45.10 
2007 346 45.08 
2007 347 45.05 
2007 348 45.26 
2007 349 45.22 
2007 350 45.03 
2007 351 45.06 
2007 352 44.91 
2007 353 44.94 
2007 354 44.90 
2007 355 45.02 
2007 356 45.20 
2007 357 45.06 
2007 358 45.06 
2007 359 45.03 
2007 360 45.04 
2007 361 45.16 
2007 362 45.12 
2007 363 44.98 
2007 364 44.92 
2007 365 45.00 
2008   1 44.97 
2008   2 45.03 
2008   3 44.94 
2008   4 44.82 
2008   5 44.76 
2008   6 44.90 
2008   7 44.93 
2008   8 45.02 
2008   9 44.97 
2008  10 44.95 
2008  11 44.88 
2008  12 44.95 
2008  13 44.94 
2008  14 44.96 
2008  15 44.93 
2008  16 45.14 
2008  17 45.35 
2008  18 45.15 
2008  19 45.16 
2008  20 45.00 
2008  21 45.32 
2008  22 45.34 
2008  23 44.95 
2008  24 45.11 
2008  25 44.90 
2008  26 44.83 
2008  27 44.81 
2008  28 44.72 
2008  29 44.99 
2008  30 45.03 
2008  31 45.05 
2008  32 44.84 
2008  33 44.96 
2008  34 45.03 
2008  35 45.05 
2008  36 44.96 
2008  37 44.99 
2008  38 45.01 
2008  39 44.85 
2008  40 44.80 
2008  41 44.80 
2008  42 44.74 
2008  43 44.85 
2008  44 44.70 
2008  45 44.76 
2008  46 44.80 
2008  47 44.83 
2008  48 44.87 
2008  49 44.89 
2008  50 44.68 
2008  51 44.79 
2008  52 44.81 
2008  53 44.77 
2008  54 44.79 
2008  55 44.73 
2008  56 44.75 
2008  57 44.74 
2008  58 44.70 
2008  59 44.61 
2008  60 44.65 
2008  61 44.59 
2008  62 44.75 
2008  63 44.80 
2008  64 44.69 
2008  65 44.88 
2008  66 44.85 
2008  67 44.80 
2008  68 44.68 
2008  69 44.71 
2008  70 44.72 
2008  71 44.56 
2008  72 44.70 
2008  73 44.72 
2008  74 44.75 
2008  75 44.80 
2008  76 44.77 
2008  77 44.68 
2008  78 44.64 
2008  79 44.62 
2008  80 44.50 
2008  81 44.59 
2008  82 44.59 
2008  83 44.66 
2008  84 44.47 
2008  85 44.53 
2008  86 44.57 
2008  87 44.65 
2008  88 44.71 
2008  89 44.62 
2008  90 44.67 
2008  91 44.73 
2008  92 44.76 
2008  93 44.66 
2008  94 44.56 
2008  95 44.66 
2008  96 44.61 
2008  97 44.70 
2008  98 44.75 
2008  99 44.76 
2008 100 44.75 
2008 101 44.77 
2008 102 44.81 
2008 103 44.78 
2008 104 44.69 
2008 105 44.58 
2008 106 44.44 
2008 107 44.64 
2008 108 44.74 
2008 109 44.64 
2008 110 44.59 
2008 111 44.55 
2008 112 44.67 
2008 113 44.74 
2008 114 44.61 
2008 115 44.57 
2008 116 44.74 
2008 117 44.73 
2008 118 44.73 
2008 119 44.61 
2008 120 44.58 
2008 121 44.50 
2008 122 44.70 
2008 123 44.81 
2008 124 44.81 
2008 125 44.64 
2008 126 44.57 
2008 127 44.55 
2008 128 44.56 
2008 129 44.63 
2008 130 44.59 
2008 131 44.65 
2008 132 44.63 
2008 133 44.50 
2008 134 44.68 
2008 135 44.59 
2008 136 44.67 
2008 137 44.59 
2008 138 44.43 
2008 139 44.36 
2008 140 44.31 
2008 141 44.34 
2008 142 44.34 
2008 143 44.45 
2008 144 44.53 
2008 145 44.57 
2008 146 44.49 
2008 147 44.63 
2008 148 44.65 
2008 149 44.48 
2008 150 44.31 
2008 151 44.30 
2008 152 44.34 
2008 153 44.37 
2008 154 44.26 
2008 155 44.30 
2008 156 44.53 
2008 157 44.60 
2008 158 44.45 
2008 159 44.44 
2008 160 44.51 
2008 161 44.48 
2008 162 44.38 
2008 163 44.48 
2008 164 44.51 
2008 165 44.45 
2008 166 44.30 
2008 167 44.27 
2008 168 44.42 
2008 169 44.32 
2008 170 44.30 
2008 171 44.33 
2008 172 44.36 
2008 173 44.39 
2008 174 44.27 
2008 175 44.38 
2008 176 44.34 
2008 177 44.28 
2008 178 44.39 
2008 179 44.29 
2008 180 44.33 
2008 181 44.42 
2008 182 44.25 
2008 183 44.30 
2008 184 44.35 
2008 185 44.36 
2008 186 44.28 
2008 187 44.23 
2008 188 44.44 
2008 189 44.46 
2008 190 44.39 
2008 191 44.39 
2008 192 44.24 
2008 193 44.23 
2008 194 44.42 
2008 195 44.33 
2008 196 44.27 
2008 197 44.29 
2008 198 44.28 
2008 199 44.29 
2008 200 44.28 
2008 201 44.26 
2008 202 44.27 
2008 203 44.32 
2008 204 44.30 
2008 205 44.29 
2008 206 44.33 
2008 207 44.31 
2008 208 44.30 
2008 209 44.28 
2008 210 44.28 
2008 211 44.36 
2008 212 44.29 
2008 214 44.26 
2008 215 44.24 
2008 216 44.33 
2008 217 44.42 
2008 218 44.47 
2008 219 44.39 
2008 220 44.37 
2008 221 44.42 
2008 222 44.36 
2008 223 44.47 
2008 224 44.36 
2008 225 44.36 
2008 226 44.29 
2008 227 44.46 
2008 228 44.82 
2008 229 44.84 
2008 230 44.62 
2008 231 44.42 
2008 232 44.39 
2008 233 44.43 
2008 234 44.33 
2008 235 44.31 
2008 236 44.47 
2008 237 44.45 
2008 238 44.36 
2008 239 44.33 
2008 240 44.49 
2008 241 44.48 
2008 242 44.49 
2008 243 44.37 
2008 244 44.40 
2008 245 44.47 
2008 246 44.69 
2008 247 44.68 
2008 248 44.66 
2008 249 44.24 
2008 250 44.74 
2008 251 44.67 
2008 252 44.84 
2008 253 44.70 
2008 254 44.55 
2008 255 44.81 
2008 256 44.77 
2008 257 44.67 
2008 258 44.75 
2008 259 44.65 
2008 260 44.53 
2008 261 44.45 
2008 262 44.43 
2008 263 44.50 
2008 264 44.55 
2008 265 44.66 
2008 266 44.49 
2008 267 44.58 
2008 268 44.60 
2008 269 44.56 
2008 270 44.42 
2008 271 44.64 
2008 272 44.58 
2008 273 44.66 
2008 274 44.62 
2008 275 44.60 
2008 276 44.66 
2008 277 44.66 
2008 278 44.75 
2008 279 44.71 
2008 280 44.72 
2008 281 44.77 
2008 282 44.55 
2008 283 44.85 
2008 284 44.98 
2008 285 44.98 
2008 286 44.94 
2008 287 44.88 
2008 288 44.93 
2008 289 44.87 
2008 290 44.75 
2008 291 44.77 
2008 292 44.74 
2008 293 44.76 
2008 294 44.92 
2008 295 44.92 
2008 296 44.98 
2008 297 45.00 
2008 298 44.81 
2008 299 44.84 
2008 300 44.78 
2008 301 44.93 
2008 302 44.76 
2008 303 44.72 
2008 304 44.73 
2008 305 44.74 
2008 306 44.75 
2008 307 44.80 
2008 308 44.76 
2008 309 44.87 
2008 310 44.94 
2008 311 44.92 
2008 312 44.91 
2008 313 44.94 
2008 314 44.91 
2008 315 44.96 
2008 316 44.95 
2008 317 44.91 
2008 318 44.82 
2008 319 44.90 
2008 320 45.03 
2008 321 44.76 
2008 322 44.78 
2008 323 44.74 
2008 324 44.70 
2008 325 44.96 
2008 326 45.00 
2008 327 44.87 
2008 328 44.86 
2008 329 44.96 
2008 330 45.01 
2008 331 44.82 
2008 332 44.95 
2008 333 45.02 
2008 334 44.96 
2008 335 44.97 
2008 336 44.97 
2008 337 44.75 
2008 338 45.04 
2008 339 45.16 
2008 340 45.26 
2008 341 44.90 
2008 342 44.78 
2008 343 44.94 
2008 344 44.95 
2008 345 45.06 
2008 346 44.84 
2008 347 44.99 
2008 348 44.88 
2008 349 45.22 
2008 350 45.38 
2008 351 45.25 
2008 352 44.89 
2008 353 45.10 
2008 354 44.91 
2008 355 45.01 
2008 356 45.24 
2008 357 45.27 
2008 358 44.98 
2008 359 45.00 
2008 360 45.05 
2008 361 44.88 
2008 362 45.13 
2008 363 44.88 
2008 364 44.83 
2008 365 44.82 
2008 366 45.01 
2009   1 44.88 
2009   2 44.80 
2009   3 44.95 
2009   4 45.12 
2009   5 45.19 
2009   6 44.93 
2009   7 44.94 
2009   8 44.85 
2009   9 44.88 
2009  10 44.97 
2009  11 44.91 
2009  12 44.89 
2009  13 45.01 
2009  14 44.80 
2009  15 44.96 
2009  16 44.80 
2009  17 44.78 
2009  18 44.76 
2009  19 44.72 
2009  20 44.72 
2009  21 44.52 
2009  22 44.57 
2009  23 44.67 
2009  24 44.81 
2009  25 44.92 
2009  26 45.05 
2009  27 45.00 
2009  28 44.68 
2009  29 44.72 
2009  30 44.61 
2009  31 44.59 
2009  32 44.62 
2009  33 44.63 
2009  34 44.55 
2009  35 44.50 
2009  36 44.49 
2009  37 44.59 
2009  38 44.60 
2009  39 44.67 
2009  40 44.59 
2009  41 44.60 
2009  42 44.63 
2009  43 44.67 
2009  44 44.65 
2009  45 44.73 
2009  46 44.70 
2009  47 44.66 
2009  48 44.64 
2009  49 44.54 
2009  50 44.60 
2009  51 44.57 
2009  52 44.72 
2009  53 44.62 
2009  54 44.53 
2009  55 44.45 
2009  56 44.45 
2009  57 44.50 
2009  58 44.64 
2009  59 44.63 
2009  60 44.62 
2009  61 44.44 
2009  62 44.31 
2009  63 44.42 
2009  64 44.42 
2009  65 44.56 
2009  66 44.60 
2009  67 44.48 
2009  68 44.52 
2009  69 44.70 
2009  70 44.66 
2009  71 44.66 
2009  72 44.60 
2009  73 44.50 
2009  74 44.48 
2009  75 44.47 
2009  76 44.42 
2009  77 44.49 
2009  78 44.45 
2009  79 44.30 
2009  80 44.54 
2009  81 44.48 
2009  82 44.51 
2009  83 44.53 
2009  84 44.64 
2009  85 44.73 
2009  86 44.88 
2009  87 44.76 
2009  88 44.53 
2009  89 44.60 
2009  90 44.72 
2009  91 44.70 
2009  92 44.80 
2009  93 44.63 
2009  94 44.61 
2009  95 44.72 
2009  96 44.71 
2009  97 44.52 
2009  98 44.45 
2009  99 44.49 
2009 100 44.60 
2009 101 44.53 
2009 102 44.64 
2009 103 44.52 
2009 104 44.45 
2009 106 44.46 
2009 107 44.51 
2009 108 44.50 
2009 109 44.37 
2009 110 44.36 
2009 111 44.35 
2009 112 44.32 
2009 113 45.43 
2009 114 45.41 
2009 115 44.72 
2009 116 44.71 
2009 117 44.69 
2009 118 44.56 
2009 119 44.50 
2009 120 44.52 
2009 121 44.80 
2009 122 44.78 
2009 123 44.61 
2009 124 44.48 
2009 125 44.40 
2009 126 44.30 
2009 127 44.27 
2009 128 44.44 
2009 129 44.49 
2009 130 44.69 
2009 131 44.48 
2009 132 44.29 
2009 133 44.33 
2009 134 44.44 
2009 135 44.41 
2009 136 44.50 
2009 137 44.32 
2009 138 44.22 
2009 139 45.28 
2009 140 45.06 
2009 141 44.49 
2009 142 44.43 
2009 143 44.42 
2009 144 44.44 
2009 145 44.44 
2009 146 44.43 
2009 147 44.43 
2009 148 44.44 
2009 149 44.38 
2009 150 44.42 
2009 151 44.45 
2009 152 44.48 
2009 153 44.60 
2009 154 44.42 
2009 155 44.44 
2009 156 44.43 
2009 157 44.22 
2009 158 44.54 
2009 159 44.58 
2009 160 44.54 
2009 161 44.55 
2009 162 44.55 
2009 163 44.34 
2009 164 44.47 
2009 167 44.20 
2009 168 44.34 
2009 169 44.30 
2009 170 44.51 
2009 171 44.47 
2009 172 44.37 
2009 173 44.32 
2009 174 44.29 
2009 175 44.28 
2009 176 44.27 
2009 177 44.40 
2009 178 44.40 
2009 179 44.37 
2009 180 44.31 
2009 181 44.32 
2009 182 44.33 
2009 183 44.36 
2009 184 44.33 
2009 185 44.40 
2009 186 44.44 
2009 187 44.33 
2009 188 44.40 
2009 189 44.26 
2009 190 44.27 
2009 191 44.27 
2009 192 44.27 
2009 193 44.30 
2009 194 44.36 
2009 195 44.27 
2009 196 44.35 
2009 197 44.31 
2009 198 44.31 
2009 199 44.34 
2009 200 44.28 
2009 201 44.28 
2009 202 44.40 
2009 203 44.32 
2009 204 44.22 
2009 205 44.23 
2009 206 44.49 
2009 207 44.48 
2009 208 44.33 
2009 209 44.41 
2009 210 44.44 
2009 211 44.66 
2009 212 44.40 
2009 213 44.36 
2009 214 44.15 
2009 215 44.25 
2009 216 44.30 
2009 217 44.21 
2009 218 44.29 
2009 219 44.25 
2009 220 44.31 
2009 221 44.36 
2009 222 44.35 
2009 223 44.30 
2009 224 44.20 
2009 226 44.36 
2009 227 44.43 
2009 228 44.54 
2009 229 44.37 
2009 230 44.48 
2009 231 44.28 
2009 232 44.55 
2009 233 44.56 
2009 234 44.25 
2009 235 44.36 
2009 236 44.40 
2009 237 44.48 
2009 238 44.51 
2009 239 44.41 
2009 240 44.45 
2009 241 44.57 
2009 242 44.80 
2009 243 44.84 
2009 244 44.74 
2009 245 44.87 
2009 246 44.79 
2009 247 44.94 
2009 248 44.95 
2009 249 44.54 
2009 250 44.72 
2009 251 44.72 
2009 252 44.77 
2009 253 44.71 
2009 254 44.71 
2009 255 44.95 
2009 256 44.95 
2009 257 44.76 
2009 258 44.72 
2009 259 44.77 
2009 260 44.80 
2009 261 44.78 
2009 262 44.72 
2009 263 44.64 
2009 264 44.88 
2009 265 44.96 
2009 266 44.90 
2009 267 44.91 
2009 268 44.90 
2009 269 44.75 
2009 270 44.56 
2009 271 44.87 
2009 272 44.80 
2009 273 44.68 
2009 274 44.87 
2009 275 44.96 
2009 276 44.95 
2009 277 45.00 
2009 278 44.99 
2009 279 44.98 
2009 280 44.86 
2009 281 44.75 
2009 282 45.02 
2009 283 45.20 
2009 284 45.22 
2009 285 46.31 
2009 286 44.76 
2009 287 44.79 
2009 288 44.72 
2009 289 44.72 
2009 290 44.78 
2009 291 44.64 
2009 292 44.66 
2009 293 44.85 
2009 294 44.87 
2009 295 44.88 
2009 296 44.84 
2009 297 44.85 
2009 298 44.95 
2009 299 44.94 
2009 300 44.83 
2009 301 45.01 
2009 302 44.99 
2009 303 44.95 
2009 304 44.84 
2009 305 44.71 
2009 312 44.84 
2009 313 44.87 
2009 314 44.83 
2009 315 44.85 
2009 316 44.81 
2009 317 44.97 
2009 318 45.05 
2009 319 44.97 
2009 320 44.91 
2009 321 44.69 
2009 322 44.68 
2009 323 44.78 
2009 324 44.84 
2009 325 44.81 
2009 326 44.86 
2009 327 44.94 
2009 328 44.94 
2009 329 44.88 
2009 330 44.78 
2009 331 44.68 
2009 332 44.85 
2009 333 44.87 
2009 334 44.84 
2009 335 44.84 
2009 336 45.03 
2009 337 45.10 
2009 338 45.12 
2009 339 44.96 
2009 340 45.10 
2009 341 45.11 
2009 342 45.18 
2009 343 45.14 
2009 344 45.04 
2009 345 45.01 
2009 346 44.86 
2009 347 44.88 
2009 348 44.85 
2009 349 44.89 
2009 350 44.85 
2009 351 44.87 
2009 352 44.91 
2009 354 44.87 
2009 355 44.81 
2009 356 44.94 
2009 357 44.52 
2009 358 44.82 
2009 359 44.86 
2009 360 44.78 
2009 361 44.68 
2009 362 44.77 
2009 363 44.79 
2009 364 44.77 
2009 365 44.78 
2010   1 44.74 
2010   2 44.79 
2010   3 44.70 
2010   4 44.73 
2010   5 44.77 
2010   6 44.79 
2010   7 44.81 
2010   8 44.77 
2010   9 44.68 
2010  10 44.66 
2010  11 44.65 
2010  12 44.61 
2010  13 44.58 
2010  14 44.68 
2010  15 44.69 
2010  16 44.64 
2010  17 44.64 
2010  18 44.66 
2010  19 44.78 
2010  20 44.66 
2010  24 44.69 
2010  31 44.67 
2010  34 45.96 
2010  35 45.99 
2010  36 45.90 
2010  37 46.00 
2010  38 46.02 
2010  39 44.70 
2010  40 44.72 
2010  41 44.63 
2010  42 44.59 
2010  43 44.65 
2010  44 44.60 
2010  45 44.65 
2010  46 44.68 
2010  47 44.74 
2010  48 44.74 
2010  49 44.74 
2010  50 44.76 
2010  51 44.77 
2010  52 44.80 
2010  53 44.72 
2010  54 44.70 
2010  55 44.66 
2010  56 44.60 
2010  57 44.60 
2010  58 44.66 
2010  59 44.67 
2010  60 44.65 
2010  61 44.64 
2010  62 44.59 
2010  63 44.61 
2010  64 44.66 
2010  65 44.60 
2010  66 44.66 
2010  67 44.68 
2010  68 44.63 
2010  69 44.70 
2010  70 44.58 
2010  71 44.60 
2010  72 44.60 
2010  73 44.74 
2010  74 44.64 
2010  75 44.54 
2010  76 44.48 
2010  77 44.49 
2010  78 44.69 
2010  79 44.77 
2010  80 44.59 
2010  81 44.48 
2010  82 44.60 
2010  83 44.62 
2010  84 44.55 
2010  85 44.65 
2010  86 44.71 
2010  87 44.59 
2010  88 44.54 
2010  89 44.34 
2010  90 44.51 
2010  91 44.57 
2010  92 44.72 
2010  93 44.68 
2010  94 44.64 
2010  95 44.45 
2010  96 44.69 
2010  97 44.52 
2010  98 44.56 
2010  99 44.43 
2010 100 44.58 
2010 101 44.48 
2010 102 44.47 
2010 103 44.38 
2010 104 44.47 
2010 105 44.43 
2010 106 44.58 
2010 107 44.63 
2010 108 44.41 
2010 109 44.40 
2010 110 44.53 
2010 111 44.57 
2010 112 44.52 
2010 113 44.52 
2010 114 44.53 
2010 115 44.44 
2010 116 44.49 
2010 117 44.32 
2010 118 44.21 
2010 119 44.44 
2010 120 44.59 
2010 121 44.49 
2010 122 44.54 
2010 123 44.48 
2010 124 44.25 
2010 125 44.39 
2010 126 44.46 
2010 127 44.50 
2010 128 44.49 
2010 129 44.31 
2010 130 44.33 
2010 131 44.51 
2010 132 44.50 
2010 133 44.53 
2010 134 44.45 
2010 135 44.42 
2010 136 44.27 
2010 137 44.26 
2010 138 44.33 
2010 139 44.29 
2010 140 44.32 
2010 141 44.33 
2010 142 44.20 
2010 143 44.40 
2010 144 44.42 
2010 145 44.40 
2010 146 44.31 
2010 147 44.19 
2010 148 44.12 
2010 149 44.15 
2010 150 44.34 
2010 151 44.24 
2010 152 44.20 
2010 153 44.31 
2010 154 44.24 
2010 155 44.10 
2010 156 43.99 
2010 157 43.97 
2010 158 43.93 
2010 159 44.02 
2010 160 44.02 
2010 161 43.92 
2010 162 44.03 
2010 163 44.22 
2010 164 44.23 
2010 165 44.17 
2010 166 44.01 
2010 167 43.93 
2010 169 43.95 
2010 170 43.94 
2010 171 43.98 
2010 172 43.91 
2010 173 43.94 
2010 174 44.01 
2010 175 43.96 
2010 177 43.91 
2010 178 43.99 
2010 179 43.96 
2010 180 43.87 
2010 181 43.90 
2010 182 43.89 
2010 183 44.02 
2010 184 43.89 
2010 185 44.07 
2010 186 44.07 
2010 187 44.00 
2010 188 44.21 
2010 189 44.19 
2010 190 44.00 
2010 191 43.95 
2010 192 44.00 
2010 193 43.98 
2010 194 43.87 
2010 195 43.92 
2010 196 43.95 
2010 198 43.86 
2010 199 43.94 
2010 200 44.05 
2010 201 44.07 
2010 202 44.04 
2010 203 43.95 
2010 204 43.93 
2010 205 43.97 
2010 206 43.98 
2010 207 43.90 
2010 208 43.97 
2010 209 43.98 
2010 210 43.90 
2010 211 43.97 
2010 212 43.99 
2010 213 43.96 
2010 214 44.03 
2010 215 44.01 
2010 216 44.06 
2010 217 44.13 
2010 218 44.02 
2010 219 43.94 
2010 220 44.03 
2010 221 44.06 
2010 222 43.99 
2010 223 43.95 
2010 224 44.02 
2010 225 44.02 
2010 226 44.14 
2010 227 44.13 
2010 228 44.10 
2010 229 44.12 
2010 230 43.94 
2010 231 44.07 
2010 232 44.03 
2010 233 43.98 
2010 234 43.92 
2010 235 44.01 
2010 236 44.29 
2010 237 44.11 
2010 238 43.87 
2010 239 44.01 
2010 240 44.04 
2010 241 44.05 
2010 242 44.13 
2010 243 44.21 
2010 244 44.21 
2010 245 44.20 
2010 246 44.29 
2010 247 44.20 
2010 248 44.04 
2010 249 44.20 
2010 255 44.20 
2010 256 44.29 
2010 257 44.12 
2010 258 44.13 
2010 259 44.21 
2010 260 44.09 
2010 261 44.32 
2010 262 44.17 
2010 263 44.11 
2010 264 44.17 
2010 265 44.24 
2010 266 44.31 
2010 267 44.19 
2010 268 44.20 
2010 269 44.15 
2010 270 44.01 
2010 271 44.16 
2010 272 43.99 
2010 273 44.25 
2010 274 44.27 
2010 275 44.26 
2010 276 44.23 
2010 277 44.26 
2010 278 44.19 
2010 279 44.23 
2010 280 44.24 
2010 281 44.26 
2010 282 44.34 
2010 283 44.41 
2010 284 44.24 
2010 285 44.32 
2010 286 44.27 
2010 287 44.27 
2010 288 44.22 
2010 289 44.27 
2010 290 44.32 
2010 291 44.37 
2010 292 44.30 
2010 293 44.33 
2010 294 44.33 
2010 295 44.45 
2010 296 44.36 
2010 297 44.46 
2010 298 44.41 
2010 299 44.50 
2010 300 44.48 
2010 301 44.49 
2010 302 44.39 
2010 303 44.06 
2010 304 44.31 
2010 305 44.46 
2010 306 44.47 
2010 307 44.47 
2010 308 44.56 
2010 309 44.51 
2010 310 44.45 
2010 311 44.50 
2010 312 44.47 
2010 313 44.61 
2010 314 44.66 
2010 315 44.72 
2010 316 44.74 
2010 317 44.67 
2010 318 44.72 
2010 319 44.70 
2010 320 44.66 
2010 321 44.63 
2010 322 44.59 
2010 323 44.53 
2010 324 44.70 
2010 325 44.70 
2010 326 44.69 
2010 327 44.64 
2010 328 44.78 
2010 329 44.83 
2010 330 44.75 
2010 331 44.63 
2010 332 44.75 
2010 333 44.85 
2010 334 44.82 
2010 335 44.66 
2010 336 44.59 
2010 337 44.65 
2010 338 44.69 
2010 339 44.76 
2010 340 44.70 
2010 341 44.58 
2010 342 44.68 
2010 343 44.53 
2010 344 44.69 
2010 345 44.73 
2010 346 44.80 
2010 347 44.59 
2010 348 44.51 
2010 349 44.56 
2010 350 44.79 
2010 351 44.87 
2010 352 44.82 
2010 354 44.62 
2010 355 44.82 
2010 356 44.81 
2010 359 44.82 
2010 360 44.71 
2010 361 44.75 
2010 362 44.76 
2010 363 44.74 
2010 364 44.89 
2010 365 45.05 
2011   1 45.01 
2011   2 44.85 
2011   3 44.79 
2011   4 44.81 
2011   5 44.72 
2011   6 44.69 
2011   7 44.59 
2011   8 44.75 
2011   9 44.79 
2011  10 44.70 
2011  11 44.85 
2011  12 44.84 
2011  13 44.64 
2011  14 44.68 
2011  15 44.74 
2011  16 44.76 
2011  17 44.67 
2011  18 44.74 
2011  19 44.75 
2011  20 44.90 
2011  21 44.77 
2011  22 44.74 
2011  23 44.84 
2011  24 44.77 
2011  25 44.80 
2011  26 44.71 
2011  27 44.66 
2011  28 44.60 
2011  29 44.68 
2011  30 44.79 
2011  31 44.94 
2011  32 44.98 
2011  33 44.88 
2011  34 44.90 
2011  35 44.85 
2011  36 44.74 
2011  37 44.84 
2011  38 44.85 
2011  39 44.91 
2011  40 44.85 
2011  41 44.77 
2011  42 44.75 
2011  43 44.57 
2011  44 44.53 
2011  45 44.67 
2011  46 44.56 
2011  47 44.54 
2011  48 44.64 
2011  49 44.71 
2011  50 44.69 
2011  51 44.65 
2011  52 44.81 
2011  53 44.71 
2011  54 44.65 
2011  55 44.68 
2011  56 44.91 
2011  57 44.83 
2011  58 44.67 
2011  59 44.68 
2011  60 44.51 
2011  61 44.63 
2011  62 44.65 
2011  63 44.46 
2011  64 44.57 
2011  65 44.54 
2011  66 44.81 
2011  67 44.89 
2011  68 44.70 
2011  69 44.45 
2011  70 44.52 
2011  71 44.62 
2011  72 44.67 
2011  73 44.62 
2011  74 44.65 
2011  75 44.54 
2011  76 44.53 
2011  77 44.63 
2011  78 44.54 
2011  79 44.58 
2011  80 44.55 
2011  81 44.58 
2011  82 44.65 
2011  83 44.76 
2011  84 44.63 
2011  85 44.56 
2011  86 44.60 
2011  87 44.56 
2011  88 44.49 
2011  89 44.62 
2011  90 44.59 
2011  91 44.42 
2011  92 44.46 
2011  93 44.51 
2011  94 44.65 
2011  95 44.51 
2011  96 44.62 
2011  97 44.41 
2011  98 44.31 
2011  99 44.24 
2011 100 44.49 
2011 101 44.43 
2011 102 43.98 
2011 103 44.62 
2011 104 44.45 
2011 105 44.52 
2011 106 44.28 
2011 107 44.40 
2011 108 44.48 
2011 109 44.42 
2011 110 44.47 
2011 111 44.18 
2011 112 44.36 
2011 113 44.47 
2011 114 44.15 
2011 115 44.47 
2011 116 44.57 
2011 117 44.57 
2011 118 44.37 
2011 119 44.58 
2011 120 44.68 
2011 121 44.66 
2011 122 44.54 
2011 123 44.55 
2011 124 44.59 
2011 125 44.44 
2011 126 44.51 
2011 127 44.33 
2011 128 44.30 
2011 129 44.30 
2011 130 44.41 
2011 131 44.28 
2011 132 44.66 
2011 133 44.54 
2011 134 44.41 
2011 135 44.58 
2011 136 44.52 
2011 137 44.54 
2011 138 44.50 
2011 139 44.56 
2011 140 44.52 
2011 141 44.42 
2011 142 44.37 
2011 143 44.41 
2011 144 44.38 
2011 145 44.44 
2011 146 44.32 
2011 147 44.36 
2011 148 44.43 
2011 149 44.40 
2011 150 44.34 
2011 151 44.31 
2011 152 44.31 
2011 153 44.26 
2011 154 44.19 
2011 155 44.31 
2011 156 44.17 
2011 157 44.14 
2011 158 44.07 
2011 159 44.27 
2011 160 44.47 
2011 161 44.28 
2011 162 44.27 
2011 163 44.21 
2011 164 44.13 
2011 165 44.30 
2011 166 44.19 
2011 167 44.12 
2011 168 44.28 
2011 169 44.29 
2011 170 44.30 
2011 171 44.38 
2011 172 44.30 
2011 173 44.20 
2011 174 44.12 
2011 175 44.14 
2011 176 44.12 
2011 177 44.13 
2011 178 44.22 
2011 179 44.16 
2011 180 44.00 
2011 181 44.15 
2011 182 44.17 
2011 183 44.20 
2011 184 44.11 
2011 185 43.96 
2011 186 44.09 
2011 187 44.14 
2011 188 44.12 
2011 189 44.15 
2011 190 44.01 
2011 191 44.18 
2011 192 44.10 
2011 193 44.24 
2011 194 44.13 
2011 195 44.15 
2011 196 44.01 
2011 198 44.05 
2011 199 43.96 
2011 200 43.98 
2011 201 44.08 
2011 202 44.06 
2011 203 43.99 
2011 204 43.98 
2011 205 44.06 
2011 206 44.00 
2011 207 44.03 
2011 208 44.04 
2011 209 44.04 
2011 210 44.01 
2011 211 43.99 
2011 212 43.95 
2011 213 43.94 
2011 214 44.06 
2011 215 43.99 
2011 216 43.97 
2011 217 44.11 
2011 218 43.99 
2011 219 44.12 
2011 220 44.06 
2011 221 44.17 
2011 222 44.22 
2011 223 44.17 
2011 224 44.09 
2011 225 44.22 
2011 226 44.18 
2011 227 44.18 
2011 228 44.15 
2011 229 44.23 
2011 230 44.00 
2011 231 44.11 
2011 232 44.28 
2011 233 44.16 
2011 234 44.12 
2011 235 44.01 
2011 236 44.15 
2011 237 44.08 
2011 238 44.09 
2011 239 44.12 
2011 240 44.08 
2011 241 44.18 
2011 242 44.06 
2011 243 44.16 
2011 244 44.11 
2011 245 44.23 
2011 246 44.29 
2011 247 44.35 
2011 248 44.30 
2011 249 44.30 
2011 250 44.48 
2011 251 44.33 
2011 252 44.29 
2011 253 44.32 
2011 254 44.28 
2011 255 44.19 
2011 256 44.32 
2011 257 44.48 
2011 258 44.44 
2011 259 44.28 
2011 260 44.35 
2011 261 44.30 
2011 262 44.28 
2011 263 44.36 
2011 264 44.44 
2011 265 44.34 
2011 266 44.27 
2011 267 44.12 
2011 268 44.20 
2011 269 44.17 
2011 270 44.24 
2011 271 44.16 
2011 272 44.34 
2011 273 44.42 
2011 274 44.33 
2011 275 44.29 
2011 276 44.33 
2011 277 44.35 
2011 278 44.42 
2011 279 44.49 
2011 280 44.57 
2011 281 44.59 
2011 282 44.56 
2011 283 44.47 
2011 284 44.44 
2011 285 44.46 
2011 286 44.49 
2011 287 44.51 
2011 288 44.44 
2011 289 44.43 
2011 290 44.63 
2011 291 44.61 
2011 292 44.50 
2011 293 44.48 
2011 294 44.47 
2011 295 44.48 
2011 296 44.50 
2011 297 44.45 
2011 298 44.53 
2011 299 44.66 
2011 300 44.68 
2011 301 44.62 
2011 302 44.59 
2011 303 44.54 
2011 304 44.43 
2011 305 44.64 
2011 306 44.56 
2011 307 44.59 
2011 308 44.64 
2011 309 44.61 
2011 310 44.59 
2011 311 44.70 
2011 312 44.65 
2011 313 44.66 
2011 314 44.13 
2011 315 44.56 
2011 316 44.61 
2011 317 44.62 
2011 318 44.65 
2011 319 44.62 
2011 320 44.75 
2011 321 44.80 
2011 322 44.56 
2011 323 44.69 
2011 324 44.77 
2011 325 44.80 
2011 326 44.62 
2011 327 44.57 
2011 328 44.63 
2011 329 44.75 
2011 330 44.79 
2011 331 44.84 
2011 332 44.77 
2011 333 44.76 
2011 334 44.75 
2011 335 44.82 
2011 336 44.84 
2011 337 44.81 
2011 338 44.94 
2011 339 44.84 
2011 340 44.80 
2011 341 44.68 
2011 342 44.72 
2011 343 44.73 
2011 344 44.64 
2011 345 44.66 
2011 346 44.68 
2011 347 44.68 
2011 348 44.71 
2011 349 44.55 
2011 350 44.73 
2011 351 44.68 
2011 352 44.68 
2011 353 44.60 
2011 354 44.70 
2011 355 44.72 
2011 356 44.76 
2011 357 44.76 
2011 358 44.66 
2011 359 44.65 
2011 360 44.68 
2011 361 44.71 
2011 362 44.62 
2011 363 44.60 
2011 364 44.62 
2011 365 44.61 
2012   1 44.79 
2012   2 44.73 
2012   3 44.62 
2012   4 44.64 
2012   5 44.48 
2012   6 44.57 
2012   7 44.78 
2012   8 44.70 
2012   9 44.70 
2012  10 44.59 
2012  11 44.66 
2012  12 44.79 
2012  13 44.69 
2012  14 44.62 
2012  15 44.59 
2012  16 44.67 
2012  17 44.78 
2012  18 44.74 
2012  19 44.53 
2012  20 44.54 
2012  21 44.65 
2012  22 44.56 
2012  23 44.66 
2012  24 44.71 
2012  25 44.71 
2012  26 44.54 
2012  27 44.61 
2012  28 44.78 
2012  29 44.57 
2012  30 44.56 
2012  31 44.57 
2012  32 44.54 
2012  33 44.65 
2012  34 44.68 
2012  35 44.53 
2012  36 44.57 
2012  37 44.64 
2012  38 44.61 
2012  39 44.68 
2012  40 44.57 
2012  41 44.56 
2012  42 44.65 
2012  43 44.71 
2012  44 44.60 
2012  45 44.50 
2012  46 44.60 
2012  47 44.61 
2012  48 44.48 
2012  49 44.51 
2012  50 44.58 
2012  51 44.58 
2012  52 44.55 
2012  53 44.52 
2012  54 44.49 
2012  55 44.58 
2012  56 44.52 
2012  57 46.57 
2012  58 46.62 
2012  59 46.55 
2012  60 46.56 
2012  61 46.54 
2012  62 46.62 
2012  63 46.61 
2012  64 44.46 
2012  65 44.39 
2012  66 44.33 
2012  67 44.56 
2012  68 44.50 
2012  69 44.41 
2012  70 44.32 
2012  71 44.38 
2012  72 44.30 
2012  73 44.31 
2012  74 44.25 
2012  75 44.26 
2012  76 44.30 
2012  77 44.27 
2012  78 44.31 
2012  79 44.46 
2012  80 44.48 
2012  81 44.36 
2012  82 44.26 
2012  83 44.17 
2012  84 44.22 
2012  85 44.25 
2012  86 44.34 
2012  87 44.23 
2012  88 44.27 
2012  89 44.25 
2012  90 44.28 
2012  91 44.15 
2012  92 44.18 
2012  93 44.51 
2012  94 44.42 
2012  95 44.35 
2012  96 44.27 
2012  97 44.27 
2012  98 44.37 
2012  99 44.27 
2012 100 44.30 
2012 101 44.20 
2012 102 44.29 
2012 103 44.12 
2012 104 44.35 
2012 105 44.36 
2012 106 44.32 
2012 107 44.39 
2012 108 44.09 
2012 109 44.20 
2012 110 44.32 
2012 111 44.23 
2012 112 44.13 
2012 113 44.16 
2012 114 44.13 
2012 115 44.09 
2012 116 44.31 
2012 117 44.17 
2012 118 44.28 
2012 119 44.32 
2012 120 44.34 
2012 121 44.19 
2012 122 44.23 
2012 123 44.26 
2012 124 44.19 
2012 125 44.04 
2012 126 44.04 
2012 127 44.32 
2012 128 44.37 
2012 129 44.23 
2012 130 44.21 
2012 131 44.12 
2012 132 44.33 
2012 133 44.45 
2012 134 44.30 
2012 135 44.06 
2012 136 44.11 
2012 137 44.22 
2012 138 44.09 
2012 139 44.12 
2012 140 44.42 
2012 141 44.18 
2012 142 44.08 
2012 143 44.09 
2012 144 44.26 
2012 145 44.32 
2012 146 44.18 
2012 147 44.21 
2012 148 44.10 
2012 149 44.21 
2012 150 44.24 
2012 151 44.14 
2012 152 44.20 
2012 153 44.18 
2012 154 44.24 
2012 155 44.03 
2012 156 44.08 
2012 157 44.12 
2012 158 44.16 
2012 159 44.15 
2012 160 44.06 
2012 161 44.00 
2012 162 44.17 
2012 163 44.23 
2012 164 44.22 
2012 165 44.15 
2012 166 44.05 
2012 167 44.25 
2012 168 44.20 
2012 169 44.04 
2012 172 44.26 
2012 173 44.18 
2012 174 44.16 
2012 177 44.03 
2012 178 44.01 
2012 179 44.01 
2012 180 44.06 
2012 181 44.10 
2012 182 43.99 
2012 184 44.04 
2012 185 44.04 
2012 186 44.02 
2012 187 44.05 
2012 188 44.13 
2012 189 44.18 
2012 190 44.30 
2012 191 44.22 
2012 192 44.07 
2012 193 44.08 
2012 194 44.10 
2012 195 44.03 
2012 196 44.04 
2012 197 44.10 
2012 198 44.18 
2012 199 44.10 
2012 200 44.11 
2012 201 44.09 
2012 202 44.01 
2012 204 44.10 
2012 205 44.12 
2012 206 44.11 
2012 207 44.16 
2012 208 44.21 
2012 209 44.02 
2012 210 44.11 
2012 211 44.20 
2012 212 44.20 
2012 213 44.16 
2012 214 44.09 
2012 215 44.10 
2012 216 44.12 
2012 217 44.26 
2012 218 44.23 
2012 219 44.08 
2012 220 44.15 
2012 221 44.11 
2012 222 44.17 
2012 223 44.15 
2012 224 44.19 
2012 225 44.21 
2012 226 44.26 
2012 227 44.24 
2012 228 44.10 
2012 229 44.35 
2012 230 44.29 
2012 231 44.24 
2012 232 44.25 
2012 233 44.29 
2012 234 44.22 
2012 235 44.14 
2012 236 44.17 
2012 237 44.24 
2012 238 44.24 
2012 239 44.20 
2012 240 44.11 
2012 241 44.10 
2012 242 44.15 
2012 243 44.08 
2012 244 44.19 
2012 245 44.22 
2012 246 44.10 
2012 247 44.22 
2012 248 44.16 
2012 249 44.19 
2012 250 44.20 
2012 251 44.32 
2012 252 44.31 
2012 253 44.28 
2012 254 44.09 
2012 255 44.12 
2012 256 44.33 
2012 257 44.26 
2012 258 44.34 
2012 259 44.24 
2012 260 44.11 
2012 261 44.35 
2012 262 44.36 
2012 263 44.19 
2012 264 44.26 
2012 265 44.32 
2012 266 44.34 
2012 267 44.28 
2012 268 44.18 
2012 269 44.35 
2012 270 44.39 
2012 271 44.37 
2012 272 44.27 
2012 273 44.30 
2012 274 44.30 
2012 275 44.36 
2012 276 44.26 
2012 277 44.19 
2012 278 44.53 
2012 279 44.54 
2012 280 44.51 
2012 281 44.54 
2012 282 44.42 
2012 283 44.39 
2012 284 44.38 
2012 285 44.35 
2012 286 44.39 
2012 287 44.40 
2012 288 44.29 
2012 289 44.24 
2012 290 44.18 
2012 291 44.29 
2012 292 44.37 
2012 293 44.33 
2012 294 44.23 
2012 295 44.30 
2012 296 44.34 
2012 297 44.34 
2012 298 44.48 
2012 299 44.45 
2012 300 44.47 
2012 301 44.54 
2012 302 44.53 
2012 303 44.40 
2012 304 44.35 
2012 305 44.37 
2012 306 44.40 
2012 307 44.47 
2012 308 44.52 
2012 309 44.51 
2012 310 44.43 
2012 311 44.38 
2012 312 44.42 
2012 313 44.48 
2012 314 44.49 
2012 315 44.52 
2012 316 44.66 
2012 317 44.59 
2012 318 44.40 
2012 319 44.58 
2012 320 44.54 
2012 321 44.52 
2012 322 44.42 
2012 323 44.46 
2012 324 44.52 
2012 325 44.43 
2012 326 44.42 
2012 327 44.51 
2012 328 44.59 
2012 329 44.60 
2012 330 44.44 
2012 331 44.59 
2012 332 44.66 
2012 333 44.50 
2012 334 44.41 
2012 335 44.43 
2012 336 44.43 
2012 337 44.32 
2012 338 44.45 
2012 339 44.56 
2012 340 44.32 
2012 341 44.43 
2012 342 44.53 
2012 343 44.53 
2012 344 44.58 
2012 345 44.70 
2012 346 44.58 
2012 347 44.43 
2012 348 44.53 
2012 349 44.63 
2012 350 44.55 
2012 351 44.56 
2012 352 44.56 
2012 353 44.55 
2012 354 44.62 
2012 355 44.63 
2012 356 44.52 
2012 357 44.40 
2012 358 44.50 
2012 359 44.64 
2012 360 44.59 
2012 361 44.65 
2012 362 44.73 
2012 363 44.68 
2012 364 44.54 
2012 365 44.54 
2012 366 44.66 
2013   1 44.62 
2013   2 44.53 
2013   3 44.60 
2013   4 44.54 
2013   5 44.49 
2013   6 44.54 
2013   7 44.48 
2013   8 44.45 
2013   9 44.52 
2013  10 44.56 
2013  11 44.52 
2013  12 44.79 
2013  13 44.82 
2013  14 44.79 
2013  15 44.65 
2013  16 44.53 
2013  17 44.57 
2013  18 44.45 
2013  19 44.48 
2013  20 44.58 
2013  21 44.67 
2013  22 44.50 
2013  23 44.57 
2013  24 44.52 
2013  25 44.49 
2013  26 44.54 
2013  27 44.52 
2013  28 44.49 
2013  29 44.57 
2013  30 44.72 
2013  31 44.51 
2013  32 44.58 
2013  33 44.56 
2013  34 44.55 
2013  35 44.46 
2013  36 44.47 
2013  37 44.52 
2013  38 44.45 
2013  39 44.53 
2013  40 44.57 
2013  41 44.62 
2013  42 44.66 
2013  43 44.63 
2013  44 44.48 
2013  45 44.53 
2013  46 44.61 
2013  47 44.50 
2013  48 44.43 
2013  49 44.51 
2013  50 44.60 
2013  51 44.30 
2013  52 44.56 
2013  53 44.61 
2013  54 44.54 
2013  55 44.60 
2013  56 44.57 
2013  57 44.58 
2013  58 44.48 
2013  59 44.51 
2013  60 44.48 
2013  61 44.32 
2013  62 44.33 
2013  63 44.51 
2013  64 44.52 
2013  65 44.40 
2013  66 44.32 
2013  67 44.42 
2013  68 44.45 
2013  69 44.39 
2013  70 44.37 
2013  71 44.39 
2013  72 44.31 
2013  73 44.25 
2013  74 44.18 
2013  75 44.41 
2013  76 44.44 
2013  77 44.47 
2013  78 44.44 
2013  79 44.51 
2013  80 44.44 
2013  81 44.55 
2013  82 44.57 
2013  83 44.53 
2013  84 44.53 
2013  85 44.42 
2013  86 44.39 
2013  87 44.38 
2013  88 44.37 
2013  89 44.36 
2013  90 44.33 
2013  91 44.44 
2013  92 44.44 
2013  93 44.20 
2013  94 44.31 
2013  95 44.23 
2013  96 44.33 
2013  97 44.33 
2013  98 44.38 
2013  99 44.54 
2013 100 44.56 
2013 101 44.46 
2013 102 44.35 
2013 103 44.41 
2013 104 44.41 
2013 105 44.50 
2013 106 44.63 
2013 107 44.50 
2013 108 44.48 
2013 109 44.37 
2013 110 44.38 
2013 111 44.38 
2013 112 44.51 
2013 113 44.46 
2013 114 44.44 
2013 115 44.35 
2013 116 44.33 
2013 117 44.32 
2013 118 44.19 
2013 119 44.19 
2013 120 44.33 
2013 121 44.43 
2013 122 44.38 
2013 123 44.41 
2013 124 44.42 
2013 125 44.42 
2013 126 44.39 
2013 127 44.35 
2013 128 44.48 
2013 129 44.42 
2013 130 44.41 
2013 131 44.33 
2013 132 44.20 
2013 133 44.10 
2013 134 44.15 
2013 135 44.18 
2013 136 44.25 
2013 137 44.21 
2013 138 44.20 
2013 139 44.34 
2013 140 44.45 
2013 141 44.39 
2013 142 44.29 
2013 143 44.35 
2013 144 44.36 
